co_c_number,co_c_name,overall_homeless,sheltered_es_homeless,sheltered_th_homeless,sheltered_total_homeless,unsheltered_homeless,overall_homeless_individuals,sheltered_es_homeless_individuals,sheltered_th_homeless_individuals,sheltered_total_homeless_individuals,unsheltered_homeless_individuals,overall_homeless_people_in_families,sheltered_es_homeless_people_in_families,sheltered_th_homeless_people_in_families,sheltered_total_homeless_people_in_families,unsheltered_homeless_people_in_families,overall_homeless_family_households,sheltered_es_homeless_family_households,sheltered_th_homeless_family_households,sheltered_total_homeless_family_households,unsheltered_homeless_family_households,overall_chronically_homeless_individuals,sheltered_total_chronically_homeless_individuals,unsheltered_chronically_homeless_individuals,year
VA-500,"Richmond/Henrico, Chesterfield, Hanover Counties CoC",1158,413,601,1014,144,917,323,452,775,142,241,90,149,239,2,102,43,58,101,1,185,43,142,2007
VA-501,"Norfolk,Chesapeake,Suffolk/Isle of Wight, Southampton Counties CoC",699,410,133,543,156,513,306,67,373,140,186,104,66,170,16,76,41,20,61,15,112,74,38,2007
VA-502,Roanoke City & County/Salem CoC,566,334,194,528,38,485,290,157,447,38,81,44,37,81,0,31,17,14,31,0,168,130,38,2007
VA-503,Virginia Beach CoC,476,262,168,430,46,178,117,28,145,33,298,145,140,285,13,94,47,43,90,4,60,41,19,2007
VA-504,Charlottesville CoC,265,152,85,237,28,196,129,39,168,28,69,23,46,69,0,22,4,18,22,0,31,29,2,2007
VA-505,Newport News/Hampton/Virginia Peninsula CoC,908,393,176,569,339,562,262,97,359,203,346,131,79,210,136,100,38,25,63,37,247,107,140,2007
VA-507,Portsmouth CoC,217,97,68,165,52,137,62,23,85,52,80,35,45,80,0,30,17,13,30,0,42,10,32,2007
VA-508,Lynchburg CoC,289,48,50,98,191,224,39,22,61,163,65,9,28,37,28,27,4,11,15,12,59,21,38,2007
VA-513,"Harrisonburg, Winchester/Western Virginia CoC",382,228,98,326,56,195,140,12,152,43,187,88,86,174,13,61,30,23,53,8,36,21,15,2007
VA-514,"Fredericksburg/Spotsylvania, Stafford Counties CoC",561,489,26,515,46,88,44,0,44,44,473,445,26,471,2,181,171,9,180,1,65,29,36,2007
VA-521,Virginia Balance of State (BoS) CoC,970,495,212,707,263,505,269,72,341,164,465,226,140,366,99,170,87,50,137,33,96,69,27,2007
VA-600,Arlington County CoC,462,116,127,243,219,325,94,12,106,219,137,22,115,137,0,42,7,35,42,0,273,54,219,2007
VA-601,Fairfax County CoC,1593,462,977,1439,154,647,309,184,493,154,946,153,793,946,0,270,44,226,270,0,335,207,128,2007
VA-602,Loudoun County CoC,211,67,47,114,97,81,9,4,13,68,130,58,43,101,29,38,18,12,30,8,52,3,49,2007
VA-603,City of Alexandria CoC,375,162,121,283,92,230,93,45,138,92,145,69,76,145,0,48,21,27,48,0,114,51,63,2007
VA-604,Prince William County CoC,614,195,161,356,258,240,82,10,92,148,374,113,151,264,110,118,36,46,82,36,88,34,54,2007
VA-500,"Richmond/Henrico, Chesterfield, Hanover Counties CoC",1073,349,558,907,166,831,257,408,665,166,242,92,150,242,0,89,32,57,89,0,72,39,33,2008
VA-501,"Norfolk,Chesapeake,Suffolk/Isle of Wight, Southampton Counties CoC",602,407,102,509,93,378,284,27,311,67,224,123,75,198,26,78,38,23,61,17,87,61,26,2008
VA-502,Roanoke City & County/Salem CoC,504,368,129,497,7,379,275,97,372,7,125,93,32,125,0,42,31,11,42,0,181,178,3,2008
VA-503,Virginia Beach CoC,484,249,157,406,78,233,127,30,157,76,251,122,127,249,2,80,38,41,79,1,88,42,46,2008
VA-504,Charlottesville CoC,239,156,68,224,15,183,134,34,168,15,56,22,34,56,0,17,7,10,17,0,82,77,5,2008
VA-505,Newport News/Hampton/Virginia Peninsula CoC,526,382,104,486,40,394,330,26,356,38,132,52,78,130,2,43,19,23,42,1,147,117,30,2008
VA-507,Portsmouth CoC,222,121,56,177,45,167,94,28,122,45,55,27,28,55,0,21,9,12,21,0,49,17,32,2008
VA-508,Lynchburg CoC,256,147,64,211,45,133,56,33,89,44,123,91,31,122,1,45,35,9,44,1,53,30,23,2008
VA-513,"Harrisonburg, Winchester/Western Virginia CoC",245,132,56,188,57,108,77,5,82,26,137,55,51,106,31,46,16,16,32,14,41,36,5,2008
VA-514,"Fredericksburg/Spotsylvania, Stafford Counties CoC",194,101,26,127,67,123,62,1,63,60,71,39,25,64,7,25,13,9,22,3,54,18,36,2008
VA-521,Virginia Balance of State (BoS) CoC,863,346,213,559,304,443,159,100,259,184,420,187,113,300,120,150,65,41,106,44,115,55,60,2008
VA-600,Arlington County CoC,410,122,109,231,179,284,87,18,105,179,126,35,91,126,0,41,12,29,41,0,156,27,129,2008
VA-601,Fairfax County CoC,1835,658,965,1623,212,744,395,137,532,212,1091,263,828,1091,0,311,74,237,311,0,402,226,176,2008
VA-602,Loudoun County CoC,160,72,64,136,24,43,18,1,19,24,117,54,63,117,0,33,17,16,33,0,21,8,13,2008
VA-603,City of Alexandria CoC,306,122,116,238,68,194,67,59,126,68,112,55,57,112,0,39,18,21,39,0,58,12,46,2008
VA-604,Prince William County CoC,550,182,194,376,174,201,99,16,115,86,349,83,178,261,88,106,25,56,81,25,72,24,48,2008
VA-500,"Richmond/Henrico, Chesterfield, Hanover Counties CoC",1150,433,645,1078,72,926,373,481,854,72,224,60,164,224,0,84,21,63,84,0,73,54,19,2009
VA-501,"Norfolk,Chesapeake,Suffolk/Isle of Wight, Southampton Counties CoC",685,444,109,553,132,470,309,52,361,109,215,135,57,192,23,69,43,18,61,8,83,49,34,2009
VA-502,Roanoke City & County/Salem CoC,597,416,170,586,11,433,294,128,422,11,164,122,42,164,0,71,49,22,71,0,247,238,9,2009
VA-503,Virginia Beach CoC,433,242,152,394,39,215,147,29,176,39,218,95,123,218,0,69,28,41,69,0,50,30,20,2009
VA-504,Charlottesville CoC,199,135,50,185,14,161,124,23,147,14,38,11,27,38,0,12,4,8,12,0,88,77,11,2009
VA-505,Newport News/Hampton/Virginia Peninsula CoC,569,265,249,514,55,422,198,179,377,45,147,67,70,137,10,60,30,26,56,4,78,62,16,2009
VA-507,Portsmouth CoC,303,133,60,193,110,194,88,20,108,86,109,45,40,85,24,36,13,14,27,9,67,35,32,2009
VA-508,Lynchburg CoC,255,147,64,211,44,133,56,33,89,44,122,91,31,122,0,44,35,9,44,0,53,30,23,2009
VA-513,"Harrisonburg, Winchester/Western Virginia CoC",229,144,24,168,61,88,68,5,73,15,141,76,19,95,46,51,26,9,35,16,36,34,2,2009
VA-514,"Fredericksburg/Spotsylvania, Stafford Counties CoC",202,66,29,95,107,140,37,3,40,100,62,29,26,55,7,20,9,8,17,3,52,7,45,2009
VA-521,Virginia Balance of State (BoS) CoC,881,389,210,599,282,426,201,55,256,170,455,188,155,343,112,154,64,49,113,41,193,75,118,2009
VA-600,Arlington County CoC,511,169,135,304,207,322,100,15,115,207,189,69,120,189,0,56,22,34,56,0,138,52,86,2009
VA-601,Fairfax County CoC,1730,642,959,1601,129,663,415,119,534,129,1067,227,840,1067,0,315,70,245,315,0,297,193,104,2009
VA-602,Loudoun County CoC,143,67,41,108,35,49,22,3,25,24,94,45,38,83,11,28,14,11,25,3,19,7,12,2009
VA-603,City of Alexandria CoC,335,180,123,303,32,200,125,43,168,32,135,55,80,135,0,43,16,27,43,0,76,52,24,2009
VA-604,Prince William County CoC,630,223,169,392,238,224,114,4,118,106,406,109,165,274,132,135,31,58,89,46,71,39,32,2009
VA-500,"Richmond/Henrico, Chesterfield, Hanover Counties CoC",1012,488,454,962,50,800,398,332,750,50,212,90,122,212,0,78,32,46,78,0,92,75,17,2010
VA-501,"Norfolk,Chesapeake,Suffolk/Isle of Wight, Southampton Counties CoC",625,414,127,541,84,428,292,60,352,76,197,122,67,189,8,58,38,18,56,2,103,72,31,2010
VA-502,Roanoke City & County/Salem CoC,518,455,45,500,18,395,357,20,377,18,123,98,25,123,0,45,37,8,45,0,118,108,10,2010
VA-503,Virginia Beach CoC,517,231,204,435,82,251,129,40,169,82,266,102,164,266,0,79,31,48,79,0,75,39,36,2010
VA-504,Charlottesville CoC,228,160,41,201,27,168,133,16,149,19,60,27,25,52,8,18,8,8,16,2,117,105,12,2010
VA-505,Newport News/Hampton/Virginia Peninsula CoC,607,354,197,573,34,448,281,111,414,34,159,73,86,159,0,51,25,26,51,0,104,93,11,2010
VA-507,Portsmouth CoC,210,125,53,178,32,147,97,18,115,32,63,28,35,63,0,22,10,12,22,0,40,36,4,2010
VA-508,Lynchburg CoC,255,147,64,211,44,133,56,33,89,44,122,91,31,122,0,44,35,9,44,0,53,30,23,2010
VA-513,"Harrisonburg, Winchester/Western Virginia CoC",448,319,40,359,89,231,174,6,180,51,217,145,34,179,38,50,34,6,40,10,76,58,18,2010
VA-514,"Fredericksburg/Spotsylvania, Stafford Counties CoC",288,133,27,160,128,224,101,0,101,123,64,32,27,59,5,22,11,9,20,2,83,37,46,2010
VA-521,Virginia Balance of State (BoS) CoC,1261,477,324,801,460,632,262,43,305,327,629,215,281,496,133,213,75,90,165,48,117,50,67,2010
VA-600,Arlington County CoC,535,169,139,312,223,351,112,12,128,223,184,57,127,184,0,61,18,43,61,0,119,40,79,2010
VA-601,Fairfax County CoC,1552,604,800,1412,140,660,382,130,520,140,892,222,670,892,0,263,68,195,263,0,248,145,103,2010
VA-602,Loudoun County CoC,157,74,47,121,36,71,39,5,44,27,86,35,42,77,9,25,12,11,23,2,21,12,9,2010
VA-603,City of Alexandria CoC,359,185,136,321,38,208,115,55,170,38,151,70,81,151,0,52,25,27,52,0,80,55,25,2010
VA-604,Prince William County CoC,508,175,177,352,156,191,94,9,103,88,317,81,168,249,68,100,22,52,74,26,64,28,36,2010
VA-500,"Richmond/Henrico, Chesterfield, Hanover Counties CoC",1084,463,558,1039,45,837,369,405,792,45,247,94,153,247,0,85,35,50,85,0,69,54,15,2011
VA-501,"Norfolk,Chesapeake,Suffolk/Isle of Wight, Southampton Counties CoC",609,404,146,550,59,419,298,69,367,52,190,106,77,183,7,61,35,24,59,2,65,45,20,2011
VA-502,Roanoke City & County/Salem CoC,536,450,76,526,10,412,347,55,402,10,124,103,21,124,0,44,37,7,44,0,186,182,4,2011
VA-503,Virginia Beach CoC,427,166,167,333,94,248,112,44,156,92,179,54,123,177,2,59,18,40,58,1,68,31,37,2011
VA-504,Charlottesville CoC,213,135,60,195,18,159,116,25,141,18,54,19,35,54,0,24,8,16,24,0,60,42,18,2011
VA-505,Newport News/Hampton/Virginia Peninsula CoC,736,415,198,634,102,511,306,91,418,93,225,109,107,216,9,68,32,33,65,3,129,89,40,2011
VA-507,Portsmouth CoC,265,126,39,165,100,199,80,19,99,100,66,46,20,66,0,21,13,8,21,0,87,39,48,2011
VA-508,Lynchburg CoC,226,136,51,187,39,129,85,24,109,20,97,51,27,78,19,28,14,8,22,6,23,11,12,2011
VA-513,"Harrisonburg, Winchester/Western Virginia CoC",311,247,37,284,27,194,161,17,178,16,117,86,20,106,11,42,33,7,40,2,68,59,9,2011
VA-514,"Fredericksburg/Spotsylvania, Stafford Counties CoC",191,123,19,142,49,135,86,0,86,49,56,37,19,56,0,21,14,7,21,0,67,40,27,2011
VA-521,Virginia Balance of State (BoS) CoC,1064,380,340,720,344,529,200,54,254,275,535,180,286,466,69,179,63,92,155,24,119,44,75,2011
VA-600,Arlington County CoC,461,177,143,324,137,268,115,12,131,137,193,62,131,193,0,65,20,45,65,0,154,64,90,2011
VA-601,Fairfax County CoC,1549,675,731,1414,135,666,376,147,531,135,883,299,584,883,0,265,87,178,265,0,258,154,104,2011
VA-602,Loudoun County CoC,162,93,40,133,29,86,44,13,57,29,76,49,27,76,0,24,15,9,24,0,22,8,14,2011
VA-603,City of Alexandria CoC,416,232,130,374,42,264,159,51,222,42,152,73,79,152,0,52,25,27,52,0,109,74,35,2011
VA-604,Prince William County CoC,566,173,193,366,200,175,72,2,74,101,391,101,191,292,99,107,28,56,84,23,87,37,50,2011
VA-500,"Richmond/Henrico, Chesterfield, Hanover Counties CoC",933,374,478,858,75,747,309,361,676,71,186,65,117,182,4,70,26,43,69,1,76,43,33,2012
VA-501,"Norfolk,Chesapeake,Suffolk/Isle of Wight, Southampton Counties CoC",652,414,153,567,85,456,307,66,373,83,196,107,87,194,2,68,37,30,67,1,83,49,34,2012
VA-502,Roanoke City & County/Salem CoC,561,398,125,523,38,429,352,39,391,38,132,46,86,132,0,50,15,35,50,0,149,140,9,2012
VA-503,Virginia Beach CoC,440,170,179,349,91,244,103,50,153,91,196,67,129,196,0,66,22,44,66,0,52,30,22,2012
VA-504,Charlottesville CoC,191,125,39,164,27,151,115,9,124,27,40,10,30,40,0,19,5,14,19,0,76,54,22,2012
VA-505,Newport News/Hampton/Virginia Peninsula CoC,681,427,171,620,61,486,308,95,425,61,195,119,76,195,0,63,39,24,63,0,157,121,36,2012
VA-507,Portsmouth CoC,332,117,37,154,178,248,68,15,83,165,84,49,22,71,13,30,19,7,26,4,41,20,21,2012
VA-508,Lynchburg CoC,214,53,92,145,69,147,44,46,90,57,67,9,46,55,12,26,3,19,22,4,23,12,11,2012
VA-513,"Harrisonburg, Winchester/Western Virginia CoC",313,244,18,262,51,182,137,2,139,43,131,107,16,123,8,41,33,6,39,2,76,64,12,2012
VA-514,"Fredericksburg/Spotsylvania, Stafford Counties CoC",193,116,30,146,47,109,67,0,67,42,84,49,30,79,5,28,14,12,26,2,47,14,33,2012
VA-521,Virginia Balance of State (BoS) CoC,957,452,290,742,215,485,270,57,327,158,472,182,233,415,57,161,61,78,139,22,89,51,38,2012
VA-600,Arlington County CoC,451,179,138,320,131,263,118,11,132,131,188,61,127,188,0,60,19,41,60,0,175,82,93,2012
VA-601,Fairfax County CoC,1534,685,663,1356,178,697,388,123,519,178,837,297,540,837,0,249,90,159,249,0,353,225,128,2012
VA-602,Loudoun County CoC,168,75,57,132,36,70,31,10,41,29,98,44,47,91,7,30,16,12,28,2,18,7,11,2012
VA-603,City of Alexandria CoC,352,197,121,330,22,213,126,53,191,22,139,71,68,139,0,49,24,25,49,0,60,40,20,2012
VA-604,Prince William County CoC,452,144,183,327,125,157,68,0,68,89,295,76,183,259,36,84,21,53,74,10,56,17,39,2012
VA-500,"Richmond/Henrico, Chesterfield, Hanover Counties CoC",881,463,349,825,56,704,355,282,650,54,177,108,67,175,2,56,30,25,55,1,49,39,10,2013
VA-501,"Norfolk,Chesapeake,Suffolk/Isle of Wight, Southampton Counties CoC",742,528,169,697,45,497,391,65,456,41,245,137,104,241,4,74,41,31,72,2,71,51,20,2013
VA-502,Roanoke City & County/Salem CoC,442,342,83,425,17,315,244,54,298,17,127,98,29,127,0,41,31,10,41,0,82,76,6,2013
VA-503,Virginia Beach CoC,456,192,197,389,67,256,131,58,189,67,200,61,139,200,0,63,20,43,63,0,89,59,30,2013
VA-504,Charlottesville CoC,195,128,39,167,28,153,124,1,125,28,42,4,38,42,0,13,2,11,13,0,61,44,17,2013
VA-505,Newport News/Hampton/Virginia Peninsula CoC,533,339,133,494,39,370,266,45,333,37,163,73,88,161,2,50,24,25,49,1,112,94,18,2013
VA-507,Portsmouth CoC,247,103,55,158,89,153,48,23,71,82,94,55,32,87,7,31,17,12,29,2,16,8,8,2013
VA-508,Lynchburg CoC,150,85,59,144,6,76,45,25,70,6,74,40,34,74,0,22,12,10,22,0,9,7,2,2013
VA-513,"Harrisonburg, Winchester/Western Virginia CoC",355,282,4,286,69,243,184,4,188,55,112,98,0,98,14,36,33,0,33,3,102,74,28,2013
VA-514,"Fredericksburg/Spotsylvania, Stafford Counties CoC",192,133,31,164,28,122,94,0,94,28,70,39,31,70,0,24,13,11,24,0,51,32,19,2013
VA-521,Virginia Balance of State (BoS) CoC,715,398,176,574,141,322,186,34,220,102,393,212,142,354,39,138,76,50,126,12,61,23,38,2013
VA-600,Arlington County CoC,479,184,146,333,146,268,114,5,122,146,211,70,141,211,0,70,24,46,70,0,156,63,93,2013
VA-601,Fairfax County CoC,1350,699,539,1246,104,603,414,77,499,104,747,285,462,747,0,230,90,140,230,0,243,159,84,2013
VA-602,Loudoun County CoC,166,71,54,125,41,81,39,4,43,38,85,32,50,82,3,24,11,12,23,1,28,12,16,2013
VA-603,City of Alexandria CoC,275,163,71,246,29,185,120,24,156,29,90,43,47,90,0,33,15,18,33,0,69,48,21,2013
VA-604,Prince William County CoC,447,175,155,330,117,184,68,5,73,111,263,107,150,257,6,79,30,46,76,3,63,8,55,2013
VA-500,"Richmond/Henrico, Chesterfield, Hanover Counties CoC",846,414,351,781,65,674,316,277,609,65,172,98,74,172,0,63,37,26,63,0,74,54,20,2014
VA-501,"Norfolk,Chesapeake,Suffolk/Isle of Wight, Southampton Counties CoC",668,473,157,630,38,500,399,63,462,38,168,74,94,168,0,53,26,27,53,0,46,29,17,2014
VA-502,Roanoke City & County/Salem CoC,440,364,69,433,7,321,264,50,314,7,119,100,19,119,0,42,37,5,42,0,62,57,5,2014
VA-503,Virginia Beach CoC,440,180,202,382,58,251,133,60,193,58,189,47,142,189,0,56,16,40,56,0,83,47,36,2014
VA-504,Charlottesville CoC,204,128,50,178,26,141,115,0,115,26,63,13,50,63,0,20,4,16,20,0,32,20,12,2014
VA-505,Newport News/Hampton/Virginia Peninsula CoC,525,389,86,497,28,341,256,35,313,28,184,133,51,184,0,60,43,17,60,0,123,105,18,2014
VA-507,Portsmouth CoC,160,69,48,117,43,108,45,20,65,43,52,24,28,52,0,17,8,9,17,0,13,11,2,2014
VA-508,Lynchburg CoC,220,159,58,217,3,128,100,25,125,3,92,59,33,92,0,26,16,10,26,0,21,21,0,2014
VA-513,"Harrisonburg, Winchester/Western Virginia CoC",249,237,0,237,12,170,162,0,162,8,79,75,0,75,4,26,25,0,25,1,33,30,3,2014
VA-514,"Fredericksburg/Spotsylvania, Stafford Counties CoC",201,140,31,171,30,118,88,0,88,30,83,52,31,83,0,28,18,10,28,0,42,25,17,2014
VA-521,Virginia Balance of State (BoS) CoC,662,438,108,546,116,327,219,14,233,94,335,219,94,313,22,109,70,30,100,9,29,14,15,2014
VA-600,Arlington County CoC,291,172,62,240,51,178,111,10,127,51,113,61,52,113,0,35,19,16,35,0,74,38,36,2014
VA-601,Fairfax County CoC,1225,667,484,1159,66,530,402,54,464,66,695,265,430,695,0,211,82,129,211,0,196,156,40,2014
VA-602,Loudoun County CoC,177,80,71,151,26,76,44,6,50,26,101,36,65,101,0,31,11,20,31,0,20,10,10,2014
VA-603,City of Alexandria CoC,267,165,69,244,23,179,131,15,156,23,88,34,54,88,0,32,12,20,32,0,63,45,18,2014
VA-604,Prince William County CoC,445,206,141,347,98,192,91,3,94,98,253,115,138,253,0,74,33,41,74,0,54,12,42,2014
VA-500,"Richmond/Henrico, Chesterfield, Hanover Counties CoC",818,422,298,732,86,671,335,238,585,86,147,87,60,147,0,55,32,23,55,0,109,86,23,2015
VA-501,"Norfolk,Chesapeake,Suffolk/Isle of Wight, Southampton Counties CoC",735,496,184,680,55,486,385,48,433,53,249,111,136,247,2,77,38,38,76,1,73,66,7,2015
VA-502,Roanoke City & County/Salem CoC,390,366,12,378,12,260,236,12,248,12,130,130,0,130,0,42,42,0,42,0,73,71,2,2015
VA-503,Virginia Beach CoC,419,217,144,361,58,240,156,28,184,56,179,61,116,177,2,60,25,34,59,1,108,68,40,2015
VA-504,Charlottesville CoC,185,113,47,160,25,127,100,2,102,25,58,13,45,58,0,20,5,15,20,0,31,10,21,2015
VA-505,Newport News/Hampton/Virginia Peninsula CoC,520,328,100,450,70,351,224,40,286,65,169,104,60,164,5,49,28,20,48,1,47,24,23,2015
VA-507,Portsmouth CoC,174,91,36,127,47,107,38,22,60,47,67,53,14,67,0,23,18,5,23,0,32,12,20,2015
VA-508,Lynchburg CoC,237,172,55,227,10,150,118,22,140,10,87,54,33,87,0,25,17,8,25,0,11,10,1,2015
VA-513,"Harrisonburg, Winchester/Western Virginia CoC",242,230,0,230,12,167,158,0,158,9,75,72,0,72,3,24,23,0,23,1,54,47,7,2015
VA-514,"Fredericksburg/Spotsylvania, Stafford Counties CoC",217,154,25,179,38,123,94,0,94,29,94,60,25,85,9,29,18,9,27,2,42,17,25,2015
VA-521,Virginia Balance of State (BoS) CoC,773,542,92,634,139,431,297,23,320,111,342,245,69,314,28,117,84,24,108,9,57,27,30,2015
VA-600,Arlington County CoC,239,184,10,200,39,164,113,6,125,39,75,71,4,75,0,22,20,2,22,0,68,49,19,2015
VA-601,Fairfax County CoC,1204,706,430,1136,68,489,394,27,421,68,715,312,403,715,0,213,95,118,213,0,203,155,48,2015
VA-602,Loudoun County CoC,172,58,75,133,39,80,28,13,41,39,92,30,62,92,0,28,11,17,28,0,18,8,10,2015
VA-603,City of Alexandria CoC,267,179,56,244,23,159,112,15,136,23,108,67,41,108,0,34,19,15,34,0,48,32,16,2015
VA-604,Prince William County CoC,409,195,124,319,90,185,96,5,101,84,224,99,119,218,6,72,31,40,71,1,67,20,47,2015
VA-500,"Richmond/Henrico, Chesterfield, Hanover Counties CoC",762,429,256,692,70,624,313,234,554,70,138,116,22,138,0,44,36,8,44,0,87,74,13,2016
VA-501,"Norfolk,Chesapeake,Suffolk/Isle of Wight, Southampton Counties CoC",723,512,126,638,85,526,414,49,463,63,197,98,77,175,22,58,30,21,51,7,34,28,6,2016
VA-502,Roanoke City & County/Salem CoC,308,290,11,301,7,218,200,11,211,7,90,90,0,90,0,42,42,0,42,0,65,63,2,2016
VA-503,Virginia Beach CoC,389,182,157,339,50,234,149,35,184,50,155,33,122,155,0,46,11,35,46,0,27,19,8,2016
VA-504,Charlottesville CoC,157,101,34,135,22,111,89,0,89,22,46,12,34,46,0,19,6,13,19,0,30,14,16,2016
VA-505,Newport News/Hampton/Virginia Peninsula CoC,464,290,99,407,57,319,208,36,262,57,145,82,63,145,0,48,27,21,48,0,53,35,18,2016
VA-507,Portsmouth CoC,169,81,43,124,45,119,45,29,74,45,50,36,14,50,0,20,15,5,20,0,12,12,0,2016
VA-508,Lynchburg CoC,174,92,61,153,21,125,73,31,104,21,49,19,30,49,0,15,6,9,15,0,17,10,7,2016
VA-513,"Harrisonburg, Winchester/Western Virginia CoC",268,261,0,261,7,173,166,0,166,7,95,95,0,95,0,28,28,0,28,0,64,58,6,2016
VA-514,"Fredericksburg/Spotsylvania, Stafford Counties CoC",209,148,27,175,34,127,93,0,93,34,82,55,27,82,0,22,14,8,22,0,13,5,8,2016
VA-521,Virginia Balance of State (BoS) CoC,654,392,106,498,156,394,238,25,263,131,260,154,81,235,25,85,51,26,77,8,46,22,24,2016
VA-600,Arlington County CoC,174,136,13,155,19,124,95,4,105,19,50,41,9,50,0,18,14,4,18,0,41,28,13,2016
VA-601,Fairfax County CoC,1059,590,395,985,74,484,384,26,410,74,575,206,369,575,0,178,64,114,178,0,146,103,43,2016
VA-602,Loudoun County CoC,134,70,45,115,19,65,38,8,46,19,69,32,37,69,0,20,10,10,20,0,16,9,7,2016
VA-603,City of Alexandria CoC,224,153,47,212,12,129,95,10,117,12,95,58,37,95,0,28,16,12,28,0,47,36,11,2016
VA-604,Prince William County CoC,400,173,139,312,88,187,98,6,104,83,213,75,133,208,5,66,24,40,64,2,52,9,43,2016
VA-500,"Richmond/Henrico, Chesterfield, Hanover Counties CoC",662,231,266,509,153,573,154,254,420,153,89,77,12,89,0,29,27,2,29,0,69,28,41,2017
VA-501,"Norfolk,Chesapeake,Suffolk/Isle of Wight, Southampton Counties CoC",703,535,99,634,69,572,447,56,503,69,131,88,43,131,0,41,26,15,41,0,79,62,17,2017
VA-502,Roanoke City & County/Salem CoC,267,249,1,250,17,197,179,1,180,17,70,70,0,70,0,23,23,0,23,0,43,38,5,2017
VA-503,Virginia Beach CoC,349,174,97,271,78,238,140,22,162,76,111,34,75,109,2,34,12,21,33,1,60,27,33,2017
VA-504,Charlottesville CoC,160,115,22,137,23,119,96,0,96,23,41,19,22,41,0,11,6,5,11,0,50,32,18,2017
VA-505,Newport News/Hampton/Virginia Peninsula CoC,512,335,74,432,80,352,222,27,272,80,160,113,47,160,0,45,30,15,45,0,72,47,25,2017
VA-507,Portsmouth CoC,151,67,29,96,55,115,42,18,60,55,36,25,11,36,0,14,10,4,14,0,12,9,3,2017
VA-508,Lynchburg CoC,125,94,6,100,25,92,61,6,67,25,33,33,0,33,0,10,10,0,10,0,27,17,10,2017
VA-513,"Harrisonburg, Winchester/Western Virginia CoC",280,251,10,261,19,195,166,10,176,19,85,85,0,85,0,27,27,0,27,0,37,31,6,2017
VA-514,"Fredericksburg/Spotsylvania, Stafford Counties CoC",216,177,0,177,39,122,83,0,83,39,94,94,0,94,0,29,29,0,29,0,29,15,14,2017
VA-521,Virginia Balance of State (BoS) CoC,722,439,124,563,159,423,274,11,285,138,299,165,113,278,21,102,56,38,94,8,39,15,24,2017
VA-600,Arlington County CoC,232,182,11,199,33,149,107,3,116,33,83,75,8,83,0,30,26,4,30,0,63,42,21,2017
VA-601,Fairfax County CoC,964,637,219,856,108,492,360,27,387,105,472,277,192,469,3,142,85,56,141,1,150,87,63,2017
VA-602,Loudoun County CoC,113,74,23,97,16,71,51,4,55,16,42,23,19,42,0,11,7,4,11,0,15,8,7,2017
VA-603,City of Alexandria CoC,211,133,49,193,18,121,82,10,103,18,90,51,39,90,0,30,18,12,30,0,43,29,14,2017
VA-604,Prince William County CoC,400,168,116,284,116,197,79,5,84,113,203,89,111,200,3,53,22,30,52,1,76,14,62,2017
VA-500,"Richmond/Henrico, Chesterfield, Hanover Counties CoC",609,406,93,505,104,485,294,81,381,104,124,112,12,124,0,49,45,4,49,0,83,61,22,2018
VA-501,"Norfolk,Chesapeake,Suffolk/Isle of Wight, Southampton Counties CoC",773,597,96,693,80,562,439,43,482,80,211,158,53,211,0,66,48,18,66,0,75,63,12,2018
VA-502,Roanoke City & County/Salem CoC,317,306,0,306,11,228,217,0,217,11,89,89,0,89,0,28,28,0,28,0,28,27,1,2018
VA-503,Virginia Beach CoC,243,162,9,171,72,198,126,9,135,63,45,36,0,36,9,14,12,0,12,2,40,30,10,2018
VA-504,Charlottesville CoC,183,134,21,155,28,142,114,0,114,28,41,20,21,41,0,11,7,4,11,0,41,28,13,2018
VA-505,Newport News/Hampton/Virginia Peninsula CoC,439,293,76,369,70,316,214,32,246,70,123,79,44,123,0,41,26,15,41,0,55,42,13,2018
VA-507,Portsmouth CoC,135,81,26,107,28,84,43,13,56,28,51,38,13,51,0,21,16,5,21,0,13,6,7,2018
VA-508,Lynchburg CoC,112,92,0,92,20,84,64,0,64,20,28,28,0,28,0,9,9,0,9,0,8,2,6,2018
VA-513,"Harrisonburg, Winchester/Western Virginia CoC",304,260,16,276,28,217,176,16,192,25,87,84,0,84,3,26,25,0,25,1,24,24,0,2018
VA-514,"Fredericksburg/Spotsylvania, Stafford Counties CoC",200,164,0,164,36,128,95,0,95,33,72,69,0,69,3,20,19,0,19,1,31,18,13,2018
VA-521,Virginia Balance of State (BoS) CoC,718,442,111,553,165,421,268,23,291,130,297,174,88,262,35,98,56,30,86,12,36,10,26,2018
VA-600,Arlington County CoC,221,173,13,186,35,144,104,5,109,35,77,69,8,77,0,28,24,4,28,0,57,30,27,2018
VA-601,Fairfax County CoC,987,686,215,901,86,499,393,20,413,86,488,293,195,488,0,151,92,59,151,0,171,117,54,2018
VA-602,Loudoun County CoC,134,96,14,110,24,86,56,6,62,24,48,40,8,48,0,15,13,2,15,0,22,15,7,2018
VA-603,City of Alexandria CoC,226,164,35,211,15,142,103,12,127,15,84,61,23,84,0,29,22,7,29,0,57,48,9,2018
VA-604,Prince William County CoC,374,176,85,261,113,192,78,4,82,110,182,98,81,179,3,54,30,23,53,1,71,16,55,2018
VA-500,"Richmond/Henrico, Chesterfield, Hanover Counties CoC",497,255,49,327,170,382,161,33,217,165,115,94,16,110,5,36,28,6,34,2,74,48,26,2019
VA-501,"Norfolk,Chesapeake,Suffolk/Isle of Wight, Southampton Counties CoC",700,543,71,614,86,493,376,33,409,84,207,167,38,205,2,66,53,12,65,1,77,60,17,2019
VA-502,Roanoke City & County/Salem CoC,319,304,0,304,15,244,229,0,229,15,75,75,0,75,0,26,26,0,26,0,56,54,2,2019
VA-503,Virginia Beach CoC,260,155,51,206,54,190,122,14,136,54,70,33,37,70,0,22,13,9,22,0,38,32,6,2019
VA-504,Charlottesville CoC,165,125,14,139,26,143,116,1,117,26,22,9,13,22,0,6,3,3,6,0,30,16,14,2019
VA-505,Newport News/Hampton/Virginia Peninsula CoC,427,312,63,375,52,304,233,19,252,52,123,79,44,123,0,39,26,13,39,0,53,41,12,2019
VA-507,Portsmouth CoC,119,84,24,108,11,80,52,17,69,11,39,32,7,39,0,13,11,2,13,0,8,5,3,2019
VA-508,Lynchburg CoC,78,64,0,64,14,54,40,0,40,14,24,24,0,24,0,8,8,0,8,0,5,1,4,2019
VA-513,"Harrisonburg, Winchester/Western Virginia CoC",342,300,14,314,28,233,191,14,205,28,109,109,0,109,0,36,36,0,36,0,41,34,7,2019
VA-514,"Fredericksburg/Spotsylvania, Stafford Counties CoC",221,185,0,185,36,132,96,0,96,36,89,89,0,89,0,25,25,0,25,0,30,16,14,2019
VA-521,Virginia Balance of State (BoS) CoC,761,531,106,637,124,389,271,18,289,100,372,260,88,348,24,118,86,26,112,6,24,14,10,2019
VA-600,Arlington County CoC,215,162,17,179,36,149,104,9,113,36,66,58,8,66,0,24,20,4,24,0,74,42,32,2019
VA-601,Fairfax County CoC,1034,774,171,945,89,508,403,16,419,89,526,371,155,526,0,150,101,49,150,0,213,157,56,2019
VA-602,Loudoun County CoC,167,70,26,96,71,124,49,4,53,71,43,21,22,43,0,15,7,8,15,0,37,15,22,2019
VA-603,City of Alexandria CoC,198,143,34,188,10,124,90,13,114,10,74,53,21,74,0,21,14,7,21,0,38,30,8,2019
VA-604,Prince William County CoC,280,172,71,243,37,117,75,5,80,37,163,97,66,163,0,47,31,16,47,0,19,15,4,2019
VA-500,"Richmond/Henrico, Chesterfield, Hanover Counties CoC",546,342,33,416,130,435,243,23,307,128,111,99,10,109,2,39,35,3,38,1,130,105,25,2020
VA-501,"Norfolk,Chesapeake,Suffolk/Isle of Wight, Southampton Counties CoC",709,574,70,644,65,538,429,44,473,65,171,145,26,171,0,50,42,8,50,0,53,47,6,2020
VA-502,Roanoke City & County/Salem CoC,276,246,0,246,30,213,183,0,183,30,63,63,0,63,0,24,24,0,24,0,44,36,8,2020
VA-503,Virginia Beach CoC,319,174,51,225,94,234,129,11,140,94,85,45,40,85,0,25,14,11,25,0,51,39,12,2020
VA-504,Charlottesville CoC,188,149,13,162,26,154,128,0,128,26,34,21,13,34,0,8,5,3,8,0,46,30,16,2020
VA-505,Newport News/Hampton/Virginia Peninsula CoC,425,301,62,363,62,296,225,12,237,59,129,76,50,126,3,38,21,16,37,1,51,43,8,2020
VA-507,Portsmouth CoC,149,89,24,113,36,99,50,13,63,36,50,39,11,50,0,17,14,3,17,0,14,9,5,2020
VA-508,Lynchburg CoC,73,55,0,55,18,48,30,0,30,18,25,25,0,25,0,9,9,0,9,0,7,2,5,2020
VA-513,"Harrisonburg, Winchester/Western Virginia CoC",297,262,0,262,35,227,192,0,192,35,70,70,0,70,0,22,22,0,22,0,41,33,8,2020
VA-514,"Fredericksburg/Spotsylvania, Stafford Counties CoC",207,183,0,183,24,128,104,0,104,24,79,79,0,79,0,21,21,0,21,0,18,12,6,2020
VA-521,Virginia Balance of State (BoS) CoC,816,528,132,660,156,471,305,33,338,133,345,223,99,322,23,105,68,31,99,6,28,12,16,2020
VA-600,Arlington County CoC,199,157,8,165,34,139,97,8,105,34,60,60,0,60,0,21,21,0,21,0,20,6,14,2020
VA-601,Fairfax County CoC,1041,763,190,953,88,513,401,24,425,88,528,362,166,528,0,161,103,58,161,0,174,115,59,2020
VA-602,Loudoun County CoC,179,107,15,122,57,129,72,0,72,57,50,35,15,50,0,16,11,5,16,0,21,10,11,2020
VA-603,City of Alexandria CoC,207,150,35,196,11,121,88,11,110,11,86,62,24,86,0,32,24,8,32,0,24,13,11,2020
VA-604,Prince William County CoC,326,189,35,224,102,214,106,6,112,102,112,83,29,112,0,33,26,7,33,0,53,25,28,2020
VA-500,"Richmond/Henrico, Chesterfield, Hanover Counties CoC",834,639,54,736,98,449,364,42,449,NA,287,275,12,287,NA,87,84,3,87,NA,142,142,NA,2021
VA-501,"Norfolk,Chesapeake,Suffolk/Isle of Wight, Southampton Counties CoC",564,538,26,564,0,446,423,23,446,0,118,115,3,118,0,38,37,1,38,0,109,109,0,2021
VA-502,Roanoke City & County/Salem CoC,250,238,0,238,12,198,186,0,186,12,52,52,0,52,0,17,17,0,17,0,56,49,7,2021
VA-503,Virginia Beach CoC,348,276,41,317,31,246,204,11,215,31,102,72,30,102,0,31,21,10,31,0,90,82,8,2021
VA-504,Charlottesville CoC,177,144,5,149,28,163,135,0,135,28,14,9,5,14,0,4,3,1,4,0,60,48,12,2021
VA-505,Newport News/Hampton/Virginia Peninsula CoC,322,266,26,292,30,196,166,0,166,30,126,100,26,126,0,35,26,9,35,0,45,38,7,2021
VA-507,Portsmouth CoC,92,68,8,76,16,47,23,8,31,16,45,45,0,45,0,14,14,0,14,0,13,9,4,2021
VA-508,Lynchburg CoC,47,34,0,34,13,35,22,0,22,13,12,12,0,12,0,4,4,0,4,0,5,0,5,2021
VA-513,"Harrisonburg, Winchester/Western Virginia CoC",267,267,0,267,0,194,194,0,194,0,73,73,0,73,0,21,21,0,21,0,35,35,0,2021
VA-514,"Fredericksburg/Spotsylvania, Stafford Counties CoC",180,162,0,162,18,126,116,0,116,10,54,46,0,46,8,15,13,0,13,2,33,30,3,2021
VA-521,Virginia Balance of State (BoS) CoC,870,673,128,801,69,520,438,32,470,50,350,235,96,331,19,121,82,32,114,7,36,30,6,2021
VA-600,Arlington County CoC,171,134,10,144,27,127,90,10,100,27,44,44,0,44,0,14,14,0,14,0,34,20,14,2021
VA-601,Fairfax County CoC,1222,1004,161,1165,57,742,668,17,685,57,480,336,144,480,0,140,91,49,140,0,318,282,36,2021
VA-602,Loudoun County CoC,80,38,14,52,28,23,19,4,23,NA,29,19,10,29,NA,14,9,5,14,NA,9,9,NA,2021
VA-603,City of Alexandria CoC,106,63,28,98,8,63,38,10,55,8,43,25,18,43,0,14,8,6,14,0,21,16,5,2021
VA-604,Prince William County CoC,282,216,24,240,42,179,134,3,137,42,103,82,21,103,0,30,24,6,30,0,49,37,12,2021
VA-500,"Richmond/Henrico, Chesterfield, Hanover Counties CoC",697,558,26,612,85,438,309,16,353,85,259,249,10,259,0,85,82,3,85,0,182,159,23,2022
VA-501,"Norfolk,Chesapeake,Suffolk/Isle of Wight, Southampton Counties CoC",738,622,36,658,80,570,467,23,490,80,168,155,13,168,0,54,50,4,54,0,155,146,9,2022
VA-502,Roanoke City & County/Salem CoC,216,178,0,178,38,186,148,0,148,38,30,30,0,30,0,10,10,0,10,0,39,28,11,2022
VA-503,Virginia Beach CoC,352,268,27,295,57,218,147,14,161,57,134,121,13,134,0,41,37,4,41,0,51,40,11,2022
VA-504,Charlottesville CoC,266,231,9,240,26,236,210,0,210,26,30,21,9,30,0,9,7,2,9,0,55,45,10,2022
VA-505,Newport News/Hampton/Virginia Peninsula CoC,419,344,37,381,38,274,237,3,240,34,145,107,34,141,4,51,40,10,50,1,50,46,4,2022
VA-507,Portsmouth CoC,120,91,8,99,21,59,30,8,38,21,61,61,0,61,0,18,18,0,18,0,27,18,9,2022
VA-508,Lynchburg CoC,84,67,0,67,17,68,51,0,51,17,16,16,0,16,0,5,5,0,5,0,2,1,1,2022
VA-513,"Harrisonburg, Winchester/Western Virginia CoC",426,399,0,399,27,288,269,0,269,19,138,130,0,130,8,43,40,0,40,3,61,53,8,2022
VA-514,"Fredericksburg/Spotsylvania, Stafford Counties CoC",253,238,0,238,15,138,123,0,123,15,115,115,0,115,0,32,32,0,32,0,42,38,4,2022
VA-521,Virginia Balance of State (BoS) CoC,1125,835,143,978,147,716,512,79,591,125,409,323,64,387,22,115,88,20,108,7,95,66,29,2022
VA-600,Arlington County CoC,182,146,16,162,20,132,101,11,112,20,50,45,5,50,0,19,17,2,19,0,39,28,11,2022
VA-601,Fairfax County CoC,1191,996,138,1134,57,627,550,20,570,57,564,446,118,564,0,169,129,40,169,0,273,243,30,2022
VA-602,Loudoun County CoC,99,56,18,74,25,66,38,3,41,25,33,18,15,33,0,9,5,4,9,0,22,11,11,2022
VA-603,City of Alexandria CoC,120,82,22,115,5,73,50,7,68,5,47,32,15,47,0,17,11,6,17,0,18,13,5,2022
VA-604,Prince William County CoC,241,187,27,214,27,145,115,3,118,27,96,72,24,96,0,24,19,5,24,0,31,24,7,2022
VA-500,"Richmond/Henrico, Chesterfield, Hanover Counties CoC",690,452,21,502,188,532,299,19,347,185,158,153,2,155,3,48,46,1,47,1,144,99,45,2023
VA-501,"Norfolk,Chesapeake,Suffolk/Isle of Wight, Southampton Counties CoC",653,523,20,543,110,490,362,18,380,110,163,161,2,163,0,48,47,1,48,0,108,88,20,2023
VA-502,Roanoke City & County/Salem CoC,334,297,0,297,37,245,208,0,208,37,89,89,0,89,0,33,33,0,33,0,55,42,13,2023
VA-503,Virginia Beach CoC,313,218,15,233,80,227,132,15,147,80,86,86,0,86,0,25,25,0,25,0,55,36,19,2023
VA-504,Charlottesville CoC,191,143,14,157,34,175,141,0,141,34,16,2,14,16,0,4,1,3,4,0,53,39,14,2023
VA-505,Newport News/Hampton/Virginia Peninsula CoC,480,445,0,445,35,279,244,0,244,35,201,201,0,201,0,63,63,0,63,0,65,55,10,2023
VA-507,Portsmouth CoC,117,68,9,77,40,66,17,9,26,40,51,51,0,51,0,16,16,0,16,0,22,4,18,2023
VA-508,Lynchburg CoC,137,89,0,89,48,103,55,0,55,48,34,34,0,34,0,11,11,0,11,0,9,5,4,2023
VA-513,"Harrisonburg, Winchester/Western Virginia CoC",320,297,0,297,23,204,181,0,181,23,116,116,0,116,0,32,32,0,32,0,110,103,7,2023
VA-514,"Fredericksburg/Spotsylvania, Stafford Counties CoC",217,184,0,184,33,127,96,0,96,31,90,88,0,88,2,26,25,0,25,1,28,23,5,2023
VA-521,Virginia Balance of State (BoS) CoC,1088,529,147,676,412,752,348,75,423,329,336,181,72,253,83,100,50,24,74,26,25,10,15,2023
VA-600,Arlington County CoC,213,163,8,171,42,147,100,5,105,42,66,63,3,66,0,21,20,1,21,0,18,6,12,2023
VA-601,Fairfax County CoC,1310,1049,148,1197,113,558,426,19,445,113,752,623,129,752,0,218,174,44,218,0,248,182,66,2023
VA-602,Loudoun County CoC,220,144,20,164,56,142,84,2,86,56,78,60,18,78,0,21,16,5,21,0,27,15,12,2023
VA-603,City of Alexandria CoC,152,114,18,142,10,82,52,10,72,10,70,62,8,70,0,21,18,3,21,0,5,5,0,2023
VA-604,Prince William County CoC,326,226,27,253,73,190,114,3,117,73,136,112,24,136,0,40,34,6,40,0,33,17,16,2023
VA-500,"Richmond/Henrico, Chesterfield, Hanover Counties CoC",681,402,43,475,206,529,283,18,331,198,152,119,25,144,8,46,34,9,43,3,135,93,42,2024
VA-501,"Norfolk,Chesapeake,Suffolk/Isle of Wight, Southampton Counties CoC",670,530,17,547,123,500,369,15,384,116,170,161,2,163,7,56,53,1,54,2,98,81,17,2024
VA-502,Roanoke City & County/Salem CoC,401,325,0,325,76,292,216,0,216,76,109,109,0,109,0,31,31,0,31,0,80,54,26,2024
VA-503,Virginia Beach CoC,311,215,13,228,83,235,141,13,154,81,76,74,0,74,2,22,21,0,21,1,63,45,18,2024
VA-504,Charlottesville CoC,125,92,14,106,19,111,85,7,92,19,14,7,7,14,0,4,2,2,4,0,13,11,2,2024
VA-505,Newport News/Hampton/Virginia Peninsula CoC,412,342,20,362,50,295,245,0,245,50,117,97,20,117,0,38,32,6,38,0,64,56,8,2024
VA-507,Portsmouth CoC,123,63,8,71,52,78,18,8,26,52,45,45,0,45,0,16,16,0,16,0,17,5,12,2024
VA-508,Lynchburg CoC,147,74,0,74,73,121,48,0,48,73,26,26,0,26,0,9,9,0,9,0,7,1,6,2024
VA-513,"Harrisonburg, Winchester/Western Virginia CoC",373,275,0,275,98,277,197,0,197,80,96,78,0,78,18,32,24,0,24,8,88,65,23,2024
VA-514,"Fredericksburg/Spotsylvania, Stafford Counties CoC",213,187,12,199,14,115,89,12,101,14,98,98,0,98,0,24,24,0,24,0,16,13,3,2024
VA-521,Virginia Balance of State (BoS) CoC,1329,712,183,895,434,841,416,77,493,348,488,296,106,402,86,155,91,35,126,29,23,8,15,2024
VA-600,Arlington County CoC,243,201,11,212,31,169,127,11,138,31,74,74,0,74,0,24,24,0,24,0,35,21,14,2024
VA-601,Fairfax County CoC,1278,1056,136,1192,86,584,488,10,498,86,694,568,126,694,0,201,158,43,201,0,184,129,55,2024
VA-602,Loudoun County CoC,303,149,25,174,129,211,88,5,93,118,92,61,20,81,11,27,18,6,24,3,28,2,26,2024
VA-603,City of Alexandria CoC,187,153,16,169,18,103,73,12,85,18,84,80,4,84,0,26,25,1,26,0,18,2,16,2024
VA-604,Prince William County CoC,345,228,28,256,89,204,112,3,115,89,141,116,25,141,0,41,34,7,41,0,49,21,28,2024
